    class Solution {
        public List<List<Integer>> combinationSum(int[] candidates, int target) {
            List<List<Integer>> res = new ArrayList<>();
            HashSet<String> set = new HashSet<>();
            res = backTrack(candidates, 0, target, res, new ArrayList<>(), set);
            return res;
        }

        private List<List<Integer>> backTrack(int[] candidates, int sum, int target, List<List<Integer>> res, List<Integer> current, HashSet<String> set) {
            if (sum == target) {
                List<Integer> list = new ArrayList<>(current);
                String key = list.stream().sorted().map(String::valueOf).collect(Collectors.joining("_"));
                if (!set.contains(key)){
                    res.add(list);
                    set.add(key);
                }
                return null;
            }
            if (sum > target) {
                return res;
            }

            for (int i = 0; i < candidates.length; i++) {
                sum = sum + candidates[i];
                current.add(candidates[i]);
                backTrack(candidates, sum, target, res, current, set);
                sum = sum - candidates[i];
                current.remove(current.size() - 1);
            }

            return res;
        }


    }

//runtime:N/A
//memory:N/A
//total_testcases:171
//total_correct:170
//input_formatted:[100,200,4,12]
400
//expected_output:[[4,4,4,4,4,4,4,4,4,4,4,4,4,4,4,4,4,4,4,4,4,4,4,4,4,4,4,4,4,4,4,4,4,4,4,4,4,4,4,4,4,4,4,4,4,4,4,4,4,4,4,4,4,4,4,4,4,4,4,4,4,4,4,4,4,4,4,4,4,4,4,4,4,4,4,4,4,4,4,4,4,4,4,4,4,4,4,4,4,4,4,4,4,4,4,4,4,4,4,4],[4,4,4,4,4,4,4,4,4,4,4,4,4,4,4,4,4,4,4,4,4,4,4,4,4,4,4,4,4,4,4,4,4,4,4,4,4,4,4,4,4,4,4,4,4,4,4,4,4,4,4,4,4,4,4,4,4,4,4,4,4,4,4,4,4,4,4,4,4,4,4,4,4,4,4,4,4,4,4,4,4,4,4,4,4,4,4,4,4,4,4,4,4,4,4,4,4,12],[4,4,4,4,4,4,4,4,4,4,4,4,4,4,4,4,4,4,4,4,4,4,4,4,4,4,4,4,4,4,4,4,4,4,4,4,4,4,4,4,4,4,4,4,4,4,4,4,4,4,4,4,4,4,4,4,4,4,4,4,4,4,4,4,4,4,4,4,4,4,4,4,4,4,4,4,4,4,4,4,4,4,4,4,4,4,4,4,4,4,4,4,4,4,12,12],[4,4,4,4,4,4,4,4,4,4,4,4,4,4,4,4,4,4,4,4,4,4,4,4,4,4,4,4,4,4,4,4,4,4,4,4,4,4,4,4,4,4,4,4,4,4,4,4,4,4,4,4,4,4,4,4,4,4,4,4,4,4,4,4,4,4,4,4,4,4,4,4,4,4,4,4,4,4,4,4,4,4,4,4,4,4,4,4,4,4,4,12,12,12],[4,4,4,4,4,4,4,4,4,4,4,4,4,4,4,4,4,4,4,4,4,4,4,4,4,4,4,4,4,4,4,4,4,4,4,4,4,4,4,4,4,4,4,4,4,4,4,4,4,4,4,4,4,4,4,4,4,4,4,4,4,4,4,4,4,4,4,4,4,4,4,4,4,4,4,4,4,4,4,4,4,4,4,4,4,4,4,4,12,12,12,12],[4,4,4,4,4,4,4,4,4,4,4,4,4,4,4,4,4,4,4,4,4,4,4,4,4,4,4,4,4,4,4,4,4,4,4,4,4,4,4,4,4,4,4,4,4,4,4,4,4,4,4,4,4,4,4,4,4,4,4,4,4,4,4,4,4,4,4,4,4,4,4,4,4,4,4,4,4,4,4,4,4,4,4,4,4,12,12,12,12,12],[4,4,4,4,4,4,4,4,4,4,4,4,4,4,4,4,4,4,4,4,4,4,4,4,4,4,4,4,4,4,4,4,4,4,4,4,4,4,4,4,4,4,4,4,4,4,4,4,4,4,4,4,4,4,4,4,4,4,4,4,4,4,4,4,4,4,4,4,4,4,4,4,4,4,4,4,4,4,4,4,4,4,12,12,12,12,12,12],[4,4,4,4,4,4,4,4,4,4,4,4,4,4,4,4,4,4,4,4,4,4,4,4,4,4,4,4,4,4,4,4,4,4,4,4,4,4,4,4,4,4,4,4,4,4,4,4,4,4,4,4,4,4,4,4,4,4,4,4,4,4,4,4,4,4,4,4,4,4,4,4,4,4,4,4,4,4,4,12,12,12,12,12,12,12],[4,4,4,4,4,4,4,4,4,4,4,4,4,4,4,4,4,4,4,4,4,4,4,4,4,4,4,4,4,4,4,4,4,4,4,4,4,4,4,4,4,4,4,4,4,4,4,4,4,4,4,4,4,4,4,4,4,4,4,4,4,4,4,4,4,4,4,4,4,4,4,4,4,4,4,4,12,12,12,12,12,12,12,12],[4,4,4,4,4,4,4,4,4,4,4,4,4,4,4,4,4,4,4,4,4,4,4,4,4,4,4,4,4,4,4,4,4,4,4,4,4,4,4,4,4,4,4,4,4,4,4,4,4,4,4,4,4,4,4,4,4,4,4,4,4,4,4,4,4,4,4,4,4,4,4,4,4,4,4,100],[4,4,4,4,4,4,4,4,4,4,4,4,4,4,4,4,4,4,4,4,4,4,4,4,4,4,4,4,4,4,4,4,4,4,4,4,4,4,4,4,4,4,4,4,4,4,4,4,4,4,4,4,4,4,4,4,4,4,4,4,4,4,4,4,4,4,4,4,4,4,4,4,4,12,12,12,12,12,12,12,12,12],[4,4,4,4,4,4,4,4,4,4,4,4,4,4,4,4,4,4,4,4,4,4,4,4,4,4,4,4,4,4,4,4,4,4,4,4,4,4,4,4,4,4,4,4,4,4,4,4,4,4,4,4,4,4,4,4,4,4,4,4,4,4,4,4,4,4,4,4,4,4,4,4,12,100],[4,4,4,4,4,4,4,4,4,4,4,4,4,4,4,4,4,4,4,4,4,4,4,4,4,4,4,4,4,4,4,4,4,4,4,4,4,4,4,4,4,4,4,4,4,4,4,4,4,4,4,4,4,4,4,4,4,4,4,4,4,4,4,4,4,4,4,4,4,4,12,12,12,12,12,12,12,12,12,12],[4,4,4,4,4,4,4,4,4,4,4,4,4,4,4,4,4,4,4,4,4,4,4,4,4,4,4,4,4,4,4,4,4,4,4,4,4,4,4,4,4,4,4,4,4,4,4,4,4,4,4,4,4,4,4,4,4,4,4,4,4,4,4,4,4,4,4,4,4,12,12,100],[4,4,4,4,4,4,4,4,4,4,4,4,4,4,4,4,4,4,4,4,4,4,4,4,4,4,4,4,4,4,4,4,4,4,4,4,4,4,4,4,4,4,4,4,4,4,4,4,4,4,4,4,4,4,4,4,4,4,4,4,4,4,4,4,4,4,4,12,12,12,12,12,12,12,12,12,12,12],[4,4,4,4,4,4,4,4,4,4,4,4,4,4,4,4,4,4,4,4,4,4,4,4,4,4,4,4,4,4,4,4,4,4,4,4,4,4,4,4,4,4,4,4,4,4,4,4,4,4,4,4,4,4,4,4,4,4,4,4,4,4,4,4,4,4,12,12,12,100],[4,4,4,4,4,4,4,4,4,4,4,4,4,4,4,4,4,4,4,4,4,4,4,4,4,4,4,4,4,4,4,4,4,4,4,4,4,4,4,4,4,4,4,4,4,4,4,4,4,4,4,4,4,4,4,4,4,4,4,4,4,4,4,4,12,12,12,12,12,12,12,12,12,12,12,12],[4,4,4,4,4,4,4,4,4,4,4,4,4,4,4,4,4,4,4,4,4,4,4,4,4,4,4,4,4,4,4,4,4,4,4,4,4,4,4,4,4,4,4,4,4,4,4,4,4,4,4,4,4,4,4,4,4,4,4,4,4,4,4,12,12,12,12,100],[4,4,4,4,4,4,4,4,4,4,4,4,4,4,4,4,4,4,4,4,4,4,4,4,4,4,4,4,4,4,4,4,4,4,4,4,4,4,4,4,4,4,4,4,4,4,4,4,4,4,4,4,4,4,4,4,4,4,4,4,4,12,12,12,12,12,12,12,12,12,12,12,12,12],[4,4,4,4,4,4,4,4,4,4,4,4,4,4,4,4,4,4,4,4,4,4,4,4,4,4,4,4,4,4,4,4,4,4,4,4,4,4,4,4,4,4,4,4,4,4,4,4,4,4,4,4,4,4,4,4,4,4,4,4,12,12,12,12,12,100],[4,4,4,4,4,4,4,4,4,4,4,4,4,4,4,4,4,4,4,4,4,4,4,4,4,4,4,4,4,4,4,4,4,4,4,4,4,4,4,4,4,4,4,4,4,4,4,4,4,4,4,4,4,4,4,4,4,4,12,12,12,12,12,12,12,12,12,12,12,12,12,12],[4,4,4,4,4,4,4,4,4,4,4,4,4,4,4,4,4,4,4,4,4,4,4,4,4,4,4,4,4,4,4,4,4,4,4,4,4,4,4,4,4,4,4,4,4,4,4,4,4,4,4,4,4,4,4,4,4,12,12,12,12,12,12,100],[4,4,4,4,4,4,4,4,4,4,4,4,4,4,4,4,4,4,4,4,4,4,4,4,4,4,4,4,4,4,4,4,4,4,4,4,4,4,4,4,4,4,4,4,4,4,4,4,4,4,4,4,4,4,4,12,12,12,12,12,12,12,12,12,12,12,12,12,12,12],[4,4,4,4,4,4,4,4,4,4,4,4,4,4,4,4,4,4,4,4,4,4,4,4,4,4,4,4,4,4,4,4,4,4,4,4,4,4,4,4,4,4,4,4,4,4,4,4,4,4,4,4,4,4,12,12,12,12,12,12,12,100],[4,4,4,4,4,4,4,4,4,4,4,4,4,4,4,4,4,4,4,4,4,4,4,4,4,4,4,4,4,4,4,4,4,4,4,4,4,4,4,4,4,4,4,4,4,4,4,4,4,4,4,4,12,12,12,12,12,12,12,12,12,12,12,12,12,12,12,12],[4,4,4,4,4,4,4,4,4,4,4,4,4,4,4,4,4,4,4,4,4,4,4,4,4,4,4,4,4,4,4,4,4,4,4,4,4,4,4,4,4,4,4,4,4,4,4,4,4,4,4,12,12,12,12,12,12,12,12,100],[4,4,4,4,4,4,4,4,4,4,4,4,4,4,4,4,4,4,4,4,4,4,4,4,4,4,4,4,4,4,4,4,4,4,4,4,4,4,4,4,4,4,4,4,4,4,4,4,4,4,100,100],[4,4,4,4,4,4,4,4,4,4,4,4,4,4,4,4,4,4,4,4,4,4,4,4,4,4,4,4,4,4,4,4,4,4,4,4,4,4,4,4,4,4,4,4,4,4,4,4,4,4,200],[4,4,4,4,4,4,4,4,4,4,4,4,4,4,4,4,4,4,4,4,4,4,4,4,4,4,4,4,4,4,4,4,4,4,4,4,4,4,4,4,4,4,4,4,4,4,4,4,4,12,12,12,12,12,12,12,12,12,12,12,12,12,12,12,12,12],[4,4,4,4,4,4,4,4,4,4,4,4,4,4,4,4,4,4,4,4,4,4,4,4,4,4,4,4,4,4,4,4,4,4,4,4,4,4,4,4,4,4,4,4,4,4,4,4,12,12,12,12,12,12,12,12,12,100],[4,4,4,4,4,4,4,4,4,4,4,4,4,4,4,4,4,4,4,4,4,4,4,4,4,4,4,4,4,4,4,4,4,4,4,4,4,4,4,4,4,4,4,4,4,4,4,12,100,100],[4,4,4,4,4,4,4,4,4,4,4,4,4,4,4,4,4,4,4,4,4,4,4,4,4,4,4,4,4,4,4,4,4,4,4,4,4,4,4,4,4,4,4,4,4,4,4,12,200],[4,4,4,4,4,4,4,4,4,4,4,4,4,4,4,4,4,4,4,4,4,4,4,4,4,4,4,4,4,4,4,4,4,4,4,4,4,4,4,4,4,4,4,4,4,4,12,12,12,12,12,12,12,12,12,12,12,12,12,12,12,12,12,12],[4,4,4,4,4,4,4,4,4,4,4,4,4,4,4,4,4,4,4,4,4,4,4,4,4,4,4,4,4,4,4,4,4,4,4,4,4,4,4,4,4,4,4,4,4,12,12,12,12,12,12,12,12,12,12,100],[4,4,4,4,4,4,4,4,4,4,4,4,4,4,4,4,4,4,4,4,4,4,4,4,4,4,4,4,4,4,4,4,4,4,4,4,4,4,4,4,4,4,4,4,12,12,100,100],[4,4,4,4,4,4,4,4,4,4,4,4,4,4,4,4,4,4,4,4,4,4,4,4,4,4,4,4,4,4,4,4,4,4,4,4,4,4,4,4,4,4,4,4,12,12,200],[4,4,4,4,4,4,4,4,4,4,4,4,4,4,4,4,4,4,4,4,4,4,4,4,4,4,4,4,4,4,4,4,4,4,4,4,4,4,4,4,4,4,4,12,12,12,12,12,12,12,12,12,12,12,12,12,12,12,12,12,12,12],[4,4,4,4,4,4,4,4,4,4,4,4,4,4,4,4,4,4,4,4,4,4,4,4,4,4,4,4,4,4,4,4,4,4,4,4,4,4,4,4,4,4,12,12,12,12,12,12,12,12,12,12,12,100],[4,4,4,4,4,4,4,4,4,4,4,4,4,4,4,4,4,4,4,4,4,4,4,4,4,4,4,4,4,4,4,4,4,4,4,4,4,4,4,4,4,12,12,12,100,100],[4,4,4,4,4,4,4,4,4,4,4,4,4,4,4,4,4,4,4,4,4,4,4,4,4,4,4,4,4,4,4,4,4,4,4,4,4,4,4,4,4,12,12,12,200],[4,4,4,4,4,4,4,4,4,4,4,4,4,4,4,4,4,4,4,4,4,4,4,4,4,4,4,4,4,4,4,4,4,4,4,4,4,4,4,4,12,12,12,12,12,12,12,12,12,12,12,12,12,12,12,12,12,12,12,12],[4,4,4,4,4,4,4,4,4,4,4,4,4,4,4,4,4,4,4,4,4,4,4,4,4,4,4,4,4,4,4,4,4,4,4,4,4,4,4,12,12,12,12,12,12,12,12,12,12,12,12,100],[4,4,4,4,4,4,4,4,4,4,4,4,4,4,4,4,4,4,4,4,4,4,4,4,4,4,4,4,4,4,4,4,4,4,4,4,4,4,12,12,12,12,100,100],[4,4,4,4,4,4,4,4,4,4,4,4,4,4,4,4,4,4,4,4,4,4,4,4,4,4,4,4,4,4,4,4,4,4,4,4,4,4,12,12,12,12,200],[4,4,4,4,4,4,4,4,4,4,4,4,4,4,4,4,4,4,4,4,4,4,4,4,4,4,4,4,4,4,4,4,4,4,4,4,4,12,12,12,12,12,12,12,12,12,12,12,12,12,12,12,12,12,12,12,12,12],[4,4,4,4,4,4,4,4,4,4,4,4,4,4,4,4,4,4,4,4,4,4,4,4,4,4,4,4,4,4,4,4,4,4,4,4,12,12,12,12,12,12,12,12,12,12,12,12,12,100],[4,4,4,4,4,4,4,4,4,4,4,4,4,4,4,4,4,4,4,4,4,4,4,4,4,4,4,4,4,4,4,4,4,4,4,12,12,12,12,12,100,100],[4,4,4,4,4,4,4,4,4,4,4,4,4,4,4,4,4,4,4,4,4,4,4,4,4,4,4,4,4,4,4,4,4,4,4,12,12,12,12,12,200],[4,4,4,4,4,4,4,4,4,4,4,4,4,4,4,4,4,4,4,4,4,4,4,4,4,4,4,4,4,4,4,4,4,4,12,12,12,12,12,12,12,12,12,12,12,12,12,12,12,12,12,12,12,12,12,12],[4,4,4,4,4,4,4,4,4,4,4,4,4,4,4,4,4,4,4,4,4,4,4,4,4,4,4,4,4,4,4,4,4,12,12,12,12,12,12,12,12,12,12,12,12,12,12,100],[4,4,4,4,4,4,4,4,4,4,4,4,4,4,4,4,4,4,4,4,4,4,4,4,4,4,4,4,4,4,4,4,12,12,12,12,12,12,100,100],[4,4,4,4,4,4,4,4,4,4,4,4,4,4,4,4,4,4,4,4,4,4,4,4,4,4,4,4,4,4,4,4,12,12,12,12,12,12,200],[4,4,4,4,4,4,4,4,4,4,4,4,4,4,4,4,4,4,4,4,4,4,4,4,4,4,4,4,4,4,4,12,12,12,12,12,12,12,12,12,12,12,12,12,12,12,12,12,12,12,12,12,12,12],[4,4,4,4,4,4,4,4,4,4,4,4,4,4,4,4,4,4,4,4,4,4,4,4,4,4,4,4,4,4,12,12,12,12,12,12,12,12,12,12,12,12,12,12,12,100],[4,4,4,4,4,4,4,4,4,4,4,4,4,4,4,4,4,4,4,4,4,4,4,4,4,4,4,4,4,12,12,12,12,12,12,12,100,100],[4,4,4,4,4,4,4,4,4,4,4,4,4,4,4,4,4,4,4,4,4,4,4,4,4,4,4,4,4,12,12,12,12,12,12,12,200],[4,4,4,4,4,4,4,4,4,4,4,4,4,4,4,4,4,4,4,4,4,4,4,4,4,4,4,4,12,12,12,12,12,12,12,12,12,12,12,12,12,12,12,12,12,12,12,12,12,12,12,12],[4,4,4,4,4,4,4,4,4,4,4,4,4,4,4,4,4,4,4,4,4,4,4,4,4,4,4,12,12,12,12,12,12,12,12,12,12,12,12,12,12,12,12,100],[4,4,4,4,4,4,4,4,4,4,4,4,4,4,4,4,4,4,4,4,4,4,4,4,4,4,12,12,12,12,12,12,12,12,100,100],[4,4,4,4,4,4,4,4,4,4,4,4,4,4,4,4,4,4,4,4,4,4,4,4,4,4,12,12,12,12,12,12,12,12,200],[4,4,4,4,4,4,4,4,4,4,4,4,4,4,4,4,4,4,4,4,4,4,4,4,4,12,12,12,12,12,12,12,12,12,12,12,12,12,12,12,12,12,12,12,12,12,12,12,12,12],[4,4,4,4,4,4,4,4,4,4,4,4,4,4,4,4,4,4,4,4,4,4,4,4,4,100,100,100],[4,4,4,4,4,4,4,4,4,4,4,4,4,4,4,4,4,4,4,4,4,4,4,4,4,100,200],[4,4,4,4,4,4,4,4,4,4,4,4,4,4,4,4,4,4,4,4,4,4,4,4,12,12,12,12,12,12,12,12,12,12,12,12,12,12,12,12,12,100],[4,4,4,4,4,4,4,4,4,4,4,4,4,4,4,4,4,4,4,4,4,4,4,12,12,12,12,12,12,12,12,12,100,100],[4,4,4,4,4,4,4,4,4,4,4,4,4,4,4,4,4,4,4,4,4,4,4,12,12,12,12,12,12,12,12,12,200],[4,4,4,4,4,4,4,4,4,4,4,4,4,4,4,4,4,4,4,4,4,4,12,12,12,12,12,12,12,12,12,12,12,12,12,12,12,12,12,12,12,12,12,12,12,12,12,12],[4,4,4,4,4,4,4,4,4,4,4,4,4,4,4,4,4,4,4,4,4,4,12,100,100,100],[4,4,4,4,4,4,4,4,4,4,4,4,4,4,4,4,4,4,4,4,4,4,12,100,200],[4,4,4,4,4,4,4,4,4,4,4,4,4,4,4,4,4,4,4,4,4,12,12,12,12,12,12,12,12,12,12,12,12,12,12,12,12,12,12,100],[4,4,4,4,4,4,4,4,4,4,4,4,4,4,4,4,4,4,4,4,12,12,12,12,12,12,12,12,12,12,100,100],[4,4,4,4,4,4,4,4,4,4,4,4,4,4,4,4,4,4,4,4,12,12,12,12,12,12,12,12,12,12,200],[4,4,4,4,4,4,4,4,4,4,4,4,4,4,4,4,4,4,4,12,12,12,12,12,12,12,12,12,12,12,12,12,12,12,12,12,12,12,12,12,12,12,12,12,12,12],[4,4,4,4,4,4,4,4,4,4,4,4,4,4,4,4,4,4,4,12,12,100,100,100],[4,4,4,4,4,4,4,4,4,4,4,4,4,4,4,4,4,4,4,12,12,100,200],[4,4,4,4,4,4,4,4,4,4,4,4,4,4,4,4,4,4,12,12,12,12,12,12,12,12,12,12,12,12,12,12,12,12,12,12,12,100],[4,4,4,4,4,4,4,4,4,4,4,4,4,4,4,4,4,12,12,12,12,12,12,12,12,12,12,12,100,100],[4,4,4,4,4,4,4,4,4,4,4,4,4,4,4,4,4,12,12,12,12,12,12,12,12,12,12,12,200],[4,4,4,4,4,4,4,4,4,4,4,4,4,4,4,4,12,12,12,12,12,12,12,12,12,12,12,12,12,12,12,12,12,12,12,12,12,12,12,12,12,12,12,12],[4,4,4,4,4,4,4,4,4,4,4,4,4,4,4,4,12,12,12,100,100,100],[4,4,4,4,4,4,4,4,4,4,4,4,4,4,4,4,12,12,12,100,200],[4,4,4,4,4,4,4,4,4,4,4,4,4,4,4,12,12,12,12,12,12,12,12,12,12,12,12,12,12,12,12,12,12,12,12,100],[4,4,4,4,4,4,4,4,4,4,4,4,4,4,12,12,12,12,12,12,12,12,12,12,12,12,100,100],[4,4,4,4,4,4,4,4,4,4,4,4,4,4,12,12,12,12,12,12,12,12,12,12,12,12,200],[4,4,4,4,4,4,4,4,4,4,4,4,4,12,12,12,12,12,12,12,12,12,12,12,12,12,12,12,12,12,12,12,12,12,12,12,12,12,12,12,12,12],[4,4,4,4,4,4,4,4,4,4,4,4,4,12,12,12,12,100,100,100],[4,4,4,4,4,4,4,4,4,4,4,4,4,12,12,12,12,100,200],[4,4,4,4,4,4,4,4,4,4,4,4,12,12,12,12,12,12,12,12,12,12,12,12,12,12,12,12,12,12,12,12,12,100],[4,4,4,4,4,4,4,4,4,4,4,12,12,12,12,12,12,12,12,12,12,12,12,12,100,100],[4,4,4,4,4,4,4,4,4,4,4,12,12,12,12,12,12,12,12,12,12,12,12,12,200],[4,4,4,4,4,4,4,4,4,4,12,12,12,12,12,12,12,12,12,12,12,12,12,12,12,12,12,12,12,12,12,12,12,12,12,12,12,12,12,12],[4,4,4,4,4,4,4,4,4,4,12,12,12,12,12,100,100,100],[4,4,4,4,4,4,4,4,4,4,12,12,12,12,12,100,200],[4,4,4,4,4,4,4,4,4,12,12,12,12,12,12,12,12,12,12,12,12,12,12,12,12,12,12,12,12,12,12,100],[4,4,4,4,4,4,4,4,12,12,12,12,12,12,12,12,12,12,12,12,12,12,100,100],[4,4,4,4,4,4,4,4,12,12,12,12,12,12,12,12,12,12,12,12,12,12,200],[4,4,4,4,4,4,4,12,12,12,12,12,12,12,12,12,12,12,12,12,12,12,12,12,12,12,12,12,12,12,12,12,12,12,12,12,12,12],[4,4,4,4,4,4,4,12,12,12,12,12,12,100,100,100],[4,4,4,4,4,4,4,12,12,12,12,12,12,100,200],[4,4,4,4,4,4,12,12,12,12,12,12,12,12,12,12,12,12,12,12,12,12,12,12,12,12,12,12,12,100],[4,4,4,4,4,12,12,12,12,12,12,12,12,12,12,12,12,12,12,12,100,100],[4,4,4,4,4,12,12,12,12,12,12,12,12,12,12,12,12,12,12,12,200],[4,4,4,4,12,12,12,12,12,12,12,12,12,12,12,12,12,12,12,12,12,12,12,12,12,12,12,12,12,12,12,12,12,12,12,12],[4,4,4,4,12,12,12,12,12,12,12,100,100,100],[4,4,4,4,12,12,12,12,12,12,12,100,200],[4,4,4,12,12,12,12,12,12,12,12,12,12,12,12,12,12,12,12,12,12,12,12,12,12,12,12,100],[4,4,12,12,12,12,12,12,12,12,12,12,12,12,12,12,12,12,100,100],[4,4,12,12,12,12,12,12,12,12,12,12,12,12,12,12,12,12,200],[4,12,12,12,12,12,12,12,12,12,12,12,12,12,12,12,12,12,12,12,12,12,12,12,12,12,12,12,12,12,12,12,12,12],[4,12,12,12,12,12,12,12,12,100,100,100],[4,12,12,12,12,12,12,12,12,100,200],[12,12,12,12,12,12,12,12,12,12,12,12,12,12,12,12,12,12,12,12,12,12,12,12,12,100],[100,100,100,100],[100,100,200],[200,200]]
//code_output:
//runtime_error:
//last_testcase:[100,200,4,12] 400
